import numpy as np

INIT_W2C = {'camera_left': np.array([[
                    -0.81138510327202173,
                    -0.18410696539124252,
                    0.55476016392913308,
                    0.0],
                    [-0.57686105632703244,
                    0.40528076144758174,
                    -0.70921000140559831,
                    0.0],
                    [-0.094263120474080767,
                    -0.89546196440434933,
                    -0.43504291101406634,
                    0.0],
                    [0.59219642021433283,
                    0.52541880645681949,
                    0.74251763181186836,
                    1.0]]).T,
            'camera_right': np.array([[0.83734427822375257,
                    -0.27765933958399935,
                    0.47091384654490714,
                    0.0],
                    [-0.54666720000213354,
                    -0.42041948190580292,
                    0.72415635858278826,
                    0.0],
                    [-0.003087420892972168,
                    -0.86380133733158437,
                    -0.50382310135244501,
                    0.0],
                    [-0.54788088926660228,
                    0.67045439724472256,
                    0.68404495102964147,
                    1.0]]).T,
            'camera_top': np.array([[-0.25389173788236485,
                    0.86150880238723326,
                    -0.43970623016326232,
                    0.0],
                    [0.96252137951360806,
                    0.18022378814692969,
                    -0.2026622317186689,
                    0.0],
                    [-0.095349774065245474,
                    -0.47468091345164271,
                    -0.87497797171724323,
                    0.0],
                    [0.2258082244284767,
                    -0.54554129322083722,
                    1.5017372929195465,
                    1.0]]).T
            }
